0 0.23875 0.470149 0.0375 0.171642 0.429572
0 0.95125 0.470149 0.0375 0.0597015 0.449922
0 0.8775 0.470149 0.03 0.0895522 0.454274
73 0.07375 0.789179 0.1375 0.25 0.463964
0 0.31875 0.570895 0.1525 0.432836 0.484241
0 0.90875 0.470149 0.0375 0.0746269 0.513301
0 0.2825 0.479478 0.08 0.182836 0.597902
0 0.14 0.656716 0.22 0.686567 0.604607
9 0.965 0.31903 0.025 0.0858209 0.612889
2 0.68 0.511194 0.085 0.104478 0.621135
0 0.79625 0.641791 0.1925 0.619403 0.730162
0 0.5175 0.56903 0.67 0.839552 0.826113
