45 0.04125 0.823 0.0825 0.066 0.447104
60 0.48125 0.657 0.9625 0.686 0.474642
49 0.0275 0.92 0.055 0.128 0.487244
49 0.04125 0.823 0.0825 0.07 0.490472
0 0.5 0.272 1 0.544 0.634893
45 0.21125 0.95 0.2975 0.1 0.838184
45 0.33375 0.798 0.3775 0.232 0.896738
45 0.63875 0.871 0.4825 0.258 0.896832
45 0.04125 0.823 0.0825 0.066 0.447104
60 0.48125 0.657 0.9625 0.686 0.474642
49 0.0275 0.92 0.055 0.128 0.487244
49 0.04125 0.823 0.0825 0.07 0.490472
0 0.5 0.272 1 0.544 0.634893
45 0.21125 0.95 0.2975 0.1 0.838184
45 0.33375 0.798 0.3775 0.232 0.896738
45 0.63875 0.871 0.4825 0.258 0.896832
